WalkingSpeed 
0.45

TorqueSwitch
0 0 0 1 1
1 0 0 1 0
1 1 0 0 1
1 0 0 0 1
1 
1 1 1 1 1 1 
1 1 1 1 1 1

Kp
1307 100000 0 100000 300000 
50000 0 0 50000 31307
300000 100000 0 700000 100000
100000 700000 100000 1307 100000 
300000 
300000 300000 300000 200000 300000 300000 
300000 300000 300000 200000 300000 300000 

Ki
0 0 0 500 1000 
100 0 0 100 0
1000 500 0 1000 500
500 1000 0 0 1000 
1000 
0 0 0 0 0 0
0 0 0 0 0 0

Kd
0.45 3057 0 1000 5500 
5000 0 0 5000 6450.54
5500 1000 0 1000 1000
1000 5000 3057 0.45 1000 
5500 
5500 5500 5500 3500 5500 5500 
5500 5500 5500 3500 5500 5500 

LRK,LRC/LPK,LPC/RRK,RRC/RPK,RPC
0.0000002 0 0.0000002 0 0.0000002 0 0.0000002 0

FzThreshold,MxyThreshold
4000 9000

-1*HomingOffset
0 -0.000822945 0 0.000183105 1.84003 0.000183105 0 0 0.000366211 0 -10.5683 0.000366211 -50.625 0 0 0 0 0.00205736 0 16.1093 8.96045 -15.73 26.5357 -34.517 75.79752 -48.4433 -16.2499 15.0297 -16.707 -30.8945 67.84344 -51.8469 28 

