21
-0.000878906 -0.0497882 -5.625 0.0629883 0 -0.00531006 0 0.00204397 -137.655 0 0 -24.498 -101.25 0 0 -52.3463 -0.000109863 -6.35519 0 0 0 0 0.00521851 0.00292969 0.00201416 0.000183105 -0.000732422 0.0065918 0.0130463 0.0258179 0.00805664 -0.00201416 0.00109863 
-0.000878906 -0.0497882 -5.625 0.0629883 0 -0.00531006 0 0.00204397 -137.655 0 0 -24.498 -101.25 0 0 -52.3463 -0.000109863 -6.35519 0 0 0 0 0.00521851 0.00292969 0.00201416 0.000183105 -0.000732422 0.0065918 0.0130463 0.0258179 0.00805664 -0.00201416 0.00109863 
-0.000878906 -0.0497882 -5.625 0.00549316 0 -0.00421143 0 0.00204397 2.20459 0 0 -0.511414 -101.25 0 0 7.54349 0.131506 -16.4836 0 0 0 0.000549316 0.00741577 0.00366211 0.00219727 0.000183105 -0.000549316 0.0065918 0.0233459 0.0265503 0.00842285 -0.00201416 0.00109863 
0.00175781 0.00123442 0 12.2763 0.0424805 19.7884 0 0 -25.0292 0 0.632629 -9.0174 168.75 0 12.0278 -21.8801 -0.000109863 0 0 -0.00109863 0.026001 -0 0 0.00421143 0.00109863 -0 -0 -0 0 0.0344238 0 0 -0 
0.00175781 0.00123442 0 12.2763 0.0424805 19.7884 0 0 -25.0292 0 0.632629 -9.0174 168.75 0 12.0278 -21.8801 -0.000109863 0 0 -0.00109863 0.026001 -0 0 0.00421143 0.00109863 -0 -0 -0 0 0.0344238 0 0 -0 
0.00175781 -0.0111098 0 1.27332 -0.0587769 -3.1712 0 0 0.624939 0 6.16681 0 168.75 0 -1.23734 0.0483398 -0.000109863 0 0 -0.000549316 0.0556641 -0 0 0.0267334 0.00219727 -0 -0 -0 0.00137329 0.662842 0.000549316 0 -0 
-0.000878906 -0.0925813 5.625 1.87921 0.0913696 0.00970459 0 0.0674509 -52.5568 0 2.79327 7.83197 106.875 0 -0.0131836 -64.6957 -0.0209839 -0.0514341 -16.9216 0.0252686 0.110413 -0 0.00205994 0.0523682 0.00750732 0.00860596 0.00585937 0.00219727 0.0409241 0.765747 0.0254517 0.003479 0.00201416 
-0.000878906 -0.0868207 5.625 1.90521 -1.00122 0.0032959 0 0.065407 -73.5978 0 4.2583 12.5907 135 0 -0.00439453 -52.6234 -0.0548218 -0.263342 -11.3445 0.342224 0.140442 -0.000183105 -0.00617981 -0.0541992 -0.00549316 0.0444946 0.0130005 0.00109863 0.0966797 0.812988 0.0569458 0.0032959 0.00201416 
-0.000878906 -0.0925813 5.625 1.87921 0.0913696 0.00970459 0 0.0674509 -52.5568 0 2.79327 7.83197 106.875 0 -0.0131836 -64.6957 -0.0209839 -0.0514341 -16.9216 0.0252686 0.110413 -0 0.00205994 0.0523682 0.00750732 0.00860596 0.00585937 0.00219727 0.0409241 0.765747 0.0254517 0.003479 0.00201416 
-0.000878906 -0.0868207 5.625 1.90521 -1.00122 0.0032959 0 0.065407 -73.5978 0 4.2583 12.5907 135 0 -0.00439453 -52.6234 -0.0548218 -0.263342 -11.3445 0.342224 0.140442 -0.000183105 -0.00617981 -0.0541992 -0.00549316 0.0444946 0.0130005 0.00109863 0.0966797 0.812988 0.0569458 0.0032959 0.00201416 
-0.000878906 -0.0497882 -5.625 0.00549316 0 -0.00421143 0 0.00204397 2.20459 0 0 -0.511414 -101.25 0 0 7.54349 0.131506 -16.4836 0 0 0 0.000549316 0.00741577 0.00366211 0.00219727 0.000183105 -0.000549316 0.0065918 0.0233459 0.0265503 0.00842285 -0.00201416 0.00109863 
-0.000878906 -0.0835289 0 27.6918 0.0102539 0.0162964 0 0.0245276 -0.0199585 0 0.127808 -23.0931 236.25 0 -0.00823975 0.010437 0 -1.93269 -2.01841 -0.00109863 0.015564 0.000183105 0.00137329 0.0195923 0.003479 0.00219727 0.0032959 0.00146484 0.0148315 0.0410156 0.00695801 0.000366211 0.00128174 
-0.000878906 -0.0835289 0 2.75885 0.0146484 0.0133667 0 0.0245276 -0.0199585 0 0.181458 2.3075 236.25 0 -0.00823975 0.010437 0 -1.93269 -2.01841 -0.00109863 0.0162964 0.000183105 0.00137329 0.0203247 0.003479 0.00219727 0.0032959 0.00146484 0.0148315 0.0428467 0.00695801 0.000549316 0.00128174 
-0.000878906 -0.0835289 0 1.88196 -1.18488 0.0109863 0 0.063363 -89.8277 0 0.792664 -26.575 236.25 0 -0.00823975 0.0115356 -0.000109863 -1.77386 -2.01226 0.0247192 0.100891 0.000183105 0.00178528 0.0351562 0.00640869 0.00494385 0.00384521 0.00164795 0.0344696 0.576416 0.0170288 0.00109863 0.00128174 
-0.000878906 -0.0835289 0 1.87756 0.90033 0.0109863 0 0.063363 -63.3109 0 2.31445 -23.9279 236.25 0 -0.00823975 0.0115356 -0.000109863 -1.76522 -2.01226 0.0247192 0.0682983 0.000183105 0.00164795 0.0351562 0.00640869 0.00494385 0.00384521 0.00164795 0.0354309 0.606445 0.0170288 0.00128174 0.00128174 
-0.000878906 -0.0835289 0 1.88196 -1.18488 0.0109863 0 0.063363 -89.8277 0 0.792664 -26.575 236.25 0 -0.00823975 0.0115356 -0.000109863 -1.77386 -2.01226 0.0247192 0.100891 0.000183105 0.00178528 0.0351562 0.00640869 0.00494385 0.00384521 0.00164795 0.0344696 0.576416 0.0170288 0.00109863 0.00128174 
-0.000878906 -0.0835289 0 1.87756 0.90033 0.0109863 0 0.063363 -63.3109 0 2.31445 -23.9279 236.25 0 -0.00823975 0.0115356 -0.000109863 -1.76522 -2.01226 0.0247192 0.0682983 0.000183105 0.00164795 0.0351562 0.00640869 0.00494385 0.00384521 0.00164795 0.0354309 0.606445 0.0170288 0.00128174 0.00128174 
-0.000878906 -0.0835289 0 1.87225 0.994995 0.0117187 0 0.063363 -1.74518 0 3.44348 0  236.25 0 -0.00823975 0.010437 -0.000109863 -1.74135 -2.01226 0.0247192 0.0726929 0.000183105 0.00164795 0.0353394 0.00640869 0.00494385 0.00384521 0.00164795 0.0355682 0.663208 0.0170288 0.00128174 0.00128174 
-0.000878906 -0.0835289 0 1.87225 0.994995 0.0117187 0 0.063363 -1.74518 0 3.44348 0  236.25 0 -0.00823975 0.010437 -0.000109863 -1.74135 -2.01226 0.0247192 0.0726929 0.000183105 0.00164795 0.0353394 0.00640869 0.00494385 0.00384521 0.00164795 0.0355682 0.663208 0.0170288 0.00128174 0.00128174 
-0.000878906 -0.0925813 5.625 1.86108 0.0675659 0.010437 0 0.0674509 -1.77228 0 50 0 106.875 0 -0.0131836 -0.137878 0.0327393 -0.00411473 -4.22974 0.0263672 0.105103 -0 0.00205994 0.104553 0.0124512 7.63843 0.00585937 0.00219727 0.0432587 0.828369 0.052002 7.63843 0.00201416 
-0.000878906 -0.0835289 0 1.87225 0.994995 0.0117187 0 0.063363 -1.74518 0 3.44348 0 236.25 0 -0.00823975 0.010437 -0.000109863 -1.74135 -2.01226 0.0247192 0.0726929 0.000183105 0.00164795 0.0353394 0.00640869 0.00494385 0.00384521 0.00164795 0.0355682 0.663208 0.0170288 0.00128174 0.00128174 
