0 -0.000822945 0 0.000183105 1.84003 0.000183105 0 0 0.000366211 0 -10.5683 0.000366211 -50.625 0 0 0 0 0.00205736 0 16.1093 8.96045 -15.73 26.5357 -34.517 94.7469 -48.4433 -30.2499 15.0297 -16.707 -30.8945 84.8043 -51.8469 26.2971 
0 -0.00123442 0 -0.000183105 1.86621 0.000366211 0 0 0.000915527 0 -10.5586 0.00109863 -196.875 0 0 0 0 0.0045262 0 16.1631 8.93628 -15.6877 26.5553 -34.4352 94.7453 -48.447 -30.2525 15.0293 -16.6531 -30.7701 84.8367 -51.8487 26.2864 
0 0 0 0.000915527 0.96167 0.000183105 0 0 -0.000183105 0 -14.5587 0.000732422 5.625 0 0 0 0 0 0 16.0845 8.68945 -14.8107 26.0103 -19.5287 41.6884 -29.5311 -29.9905 14.4452 -16.3286 -15.1859 33.4753 -33.3109 26.0068 
0.000439453 0 0 -0.00384521 0.951416 -0.000366211 0 0 -0.000732422 0 -13.4405 0.000915527 -208.125 0 0 0 0 0 0 16.0768 8.70776 -15.1901 26.3521 -24.3675 50.9027 -29.5375 -30.0967 15.6894 -16.1366 -21.7394 47.517 -34.7322 25.1578 
0 0 5.625 -0.000366211 0.582825 -0.000183105 0 0.00408794 0.000183105 0 -15.4669 0.00128174 -135 0 0 0 0 0.000411473 0 0.00109863 6.16278 -12.7178 23.7454 -21.7542 48.205 -26.8423 -27.4774 -0.000183105 -13.7711 -18.8741 41.5599 -32.1107 22.5526 
0 0 0 0.000366211 2.39996 0 0 0 0 0 -15.3836 0.00164795 -230.625 0 0 0 0 0 0 15.3633 9.06702 -12.4755 21.7525 -18.4752 40.241 -17.6459 -18.869 17.7532 -12.3367 -12.9437 27.7449 -18.6486 20.2692 
0 0.00329178 0 -0.00109863 2.41333 0.000549316 0 -0.00204397 0 0 -15.3688 0.00219727 -5.625 0 0 0 0 0.00164589 0 15.366 9.06061 -12.4861 21.7533 -18.4704 40.2402 -17.6722 -18.8762 17.7642 -12.3346 -12.9408 27.7004 -18.648 20.2615 
0 -0.000411473 0 0.000183105 1.88031 0.000183105 0 0 0 0 -10.5888 0.000183105 219.375 0 0 0 0 0 0 16.0796 8.97034 -15.7053 26.5056 -18.9265 60.6044 -30.0042 -30.2531 15.0141 -16.7169 -15.3402 50.6137 -33.3409 26.2961 
0 -0.000411473 0 0.000183105 1.84094 0 0 0 0 0 -11.6488 0.000366211 236.25 0 0 0 0 -0.000411473 0 16.1021 9 -15.7348 26.524 -34.5357 94.2616 -48.4193 -30.2631 15.0423 -16.7167 -30.9937 84.581 -51.8298 26.2859 
0 0 0 -0.000183105 1.83051 0 0 0 0 0 -10.9091 0.000549316 -230.625 0 0 0 0 0 0 16.0785 8.84967 -15.7339 26.4552 -18.9064 48.3649 -33.1108 -30.3528 14.9894 -16.7287 -17.2925 41.3128 -33.7991 26.2769 
0 0 0 -0.000549316 1.8327 0 0 0 -0.000183105 -8.88682e-005 -10.8788 0.00164795 -163.125 0 0 0 0 0 0 16.0807 8.86121 -15.7341 26.4628 -18.9483 48.3656 -33.117 -30.3589 14.9905 -16.7165 -17.2661 41.3123 -33.8077 26.2753 
0 0 0 0 1.85028 0 0 0 0 0 -10.5883 0 163.125 0 0 0 0 0 0 16.0917 8.93042 -15.724 26.5281 -18.9058 60.5463 -30.0128 -30.2505 15.0079 -16.7091 -15.4127 50.4114 -33.4094 26.2967 
0 0 0 0.000366211 1.36029 -0.000366211 0 0.00204397 0.000732422 0 -9.35889 -0.00146484 -84.375 0 0 0 -0.000549316 0.00617209 0 12.3926 7.01019 -12.2131 20.6141 -26.8726 73.5895 -37.6436 -23.4847 11.6708 -12.9871 -24.0837 65.4297 -40.2881 20.4109 
